LY: 180,192,0
Y: 242,217,0
GY: 255,196,0
OY: 245,133,0
FL: 246,138,54
O: 234,82,0
VER: 218,36,0
RED: 196,0,0
MR: 168,15,34
RR: 162,0,32
MAG: 134,8,72
V: 104,56,104
BV: 85,65,122
BL: 0,64,163
MBL: 0,94,158
TU: 0,77,112
BG: 0,96,88
DGR: 0,117,79
GR: 0,138,56
YG: 0,166,32
CH: 157,201,0
OG: 84,104,44
OD: 124,124,31
XY: 211,184,0
XOY: 134,103,69
XO: 189,85,0
XVER: 154,44,18
XR: 127,45,17
XBV: 69,57,115
XBL: 0,67,123
XTU: 0,81,102
XBG: 0,90,93
XGR: 0,101,73
BR: 111,51,10
RBR: 139,52,25
LBR: 140,79,14
OCH: 177,124,24
TAN: 152,112,26
SFL: 163,86,0
MG: 111,76,60
WG: 90,64,42
CG: 68,98,107
RU: 44,36,23
BS: 95,40,17
GRAY-1: 217,216,201
GRAY-2: 207,206,191
GRAY-3: 199,200,187
GRAY-4: 191,193,182
GRAY-5: 183,185,175
GRAY-6: 173,176,169
GRAY-7: 167,170,165
GRAY-8: 159,163,158
GRAY-9: 153,158,152
GRAY-10: 145,149,144
GRAY-11: 141,145,140
GRAY-12: 134,138,133
GRAY-13: 128,132,127
GRAY-14: 123,127,122
GRAY-15: 117,121,116
GRAY-16: 113,116,112
GRAY-17: 108,111,107
GRAY-18: 103,107,103
GRAY-19: 98,101,96
GRAY-20: 94,97,94
GRAY-21: 90,93,89
GRAY-22: 86,88,84
GRAY-23: 82,85,81
GRAY-24: 78,81,77
GRAY-25: 74,77,74
GRAY-26: 70,73,69
GRAY-27: 66,69,65
GRAY-28: 65,67,64
GRAY-29: 62,64,61
GRAY-30: 59,61,58
GRAY-31: 57,59,55
GRAY-32: 53,55,52
WHITE: 235,232,217
BLACK: 20,19,17
RADIANT YELLOW: 224,240,0
RADIANT OR. YEL.: 255,141,0
RADIANT ORANGE: 0,0,0
RADIANT OR. RED: 0,0,0
RADIANT RED: 255,0,24
RADIANT PINK: 0,0,0
RADIANT MAGENTA: 255,8,118
RADIANT GREEN: 0,178,43
RADIANT BLUE: 0,101,173
RADIANT VIOLET: 115,38,121
