A-1: 98,67,41
A-2: 132,100,65
A-3: 52,98,106
A-4: 99,74,43
A-5: 143,145,52
A-6: 220,166,123
A-7: 141,23,7
A-8: 208,192,131
A-9: 82,60,32
A-10: 255,183,90
A-11: 0,99,117
A-12: 114,197,159
A-13: 199,201,195
A-14: 0,161,186
A-15: 46,103,160
A-16: 0,105,170
A-17: 242,225,177
A-18: 123,84,35
A-19: 138,53,101
A-20: 66,94,29
A-21: 251,214,98
A-22: 168,83,62
A-23: 204,37,18
A-24: 182,159,129
A-25: 189,173,108
A-26: 179,16,20
A-27: 188,142,57
A-28: 206,140,0
A-29: 188,192,188
A-30: 255,189,40
A-31: 223,174,149
A-32: 200,137,1
A-33: 171,176,174
A-34: 180,209,209
A-35: 0,153,51
A-36: 124,106,149
A-37: 80,172,198
A-38: 175,104,152
A-39: 228,156,185
A-40: 191,194,0
A-41: 201,48,58
A-42: 163,117,89
A-43: 154,64,40
A-44: 216,191,130
A-45: 224,184,143
A-46: 114,90,164
A-47: 143,138,179
