WHITE: 235,234,219
1: 190,195,191
2: 172,177,175
3: 150,157,158
4: 128,141,145
5: 114,122,124
6: 98,109,113
7: 82,90,95
8: 59,66,71
9: 38,46,52
BLACK: 19,20,20
PB-1: 255,197,215
PB-2: 255,143,199
PB-3: 236,67,103
PB-4: 216,27,61
PB-5: 176,20,46
PB-6: 127,4,19
B-1: 248,136,110
B-2: 239,88,47
B-3: 215,43,8
B-4: 154,48,26
B-5: 80,43,30
OR-1: 255,161,82
OR-2: 255,134,34
OR-3: 252,121,0
OR-4: 245,100,0
OR-5: 202,50,0
BO-1: 255,169,0
BO-2: 250,135,0
BO-3: 217,113,0
BO-4: 191,99,20
BO-5: 169,73,30
Y-1: 240,232,168
Y-2: 246,225,90
Y-3: 243,206,0
Y-4: 247,183,0
Y-5: 227,151,0
Y-6: 172,118,16
Y-7: 121,85,11
H-1: 176,219,91
H-2: 140,200,17
H-3: 104,175,0
H-4: 0,140,11
H-5: 0,98,25
I-1: 162,219,198
I-2: 47,189,175
I-3: 0,152,141
I-4: 0,107,113
I-5: 0,92,110
I-6: 0,62,78
N-1: 146,208,217
N-2: 40,172,208
N-3: 0,146,199
N-4: 0,111,177
N-5: 0,86,148
CB-0: 205,215,219
CB-1: 180,202,222
CB-2: 151,179,215
CB-3: 105,148,210
CB-4: 46,105,189
CB-5: 2,70,168
CB-6: 0,34,109
P-0: 202,205,211
P-1: 178,186,213
P-2: 148,157,193
P-3: 106,116,176
P-4: 85,92,158
P-5: 50,68,127
V-1: 203,173,208
V-2: 149,118,186
V-3: 118,84,152
V-4: 102,67,118
V-5: 73,41,88
V-6: 51,29,70
A-1: 231,176,203
A-2: 219,123,171
A-3: 203,89,147
A-4: 177,54,116
A-5: 147,25,83
RP-1: 243,176,179
RP-2: 234,142,150
RP-3: 214,108,123
RP-4: 162,68,83
RP-5: 102,43,47
R-1: 247,189,158
R-1a: 233,177,153
R-2: 218,147,127
R-3: 190,113,96
R-4: 138,85,75
R-5: 103,65,54
CR-0: 227,187,154
CR-1: 211,151,114
CR-2: 189,121,81
CR-3: 159,87,26
CR-4: 131,76,24
CR-5: 106,58,25
CR-6: 72,45,25
D-1: 248,198,148
D-2: 249,179,114
D-3: 227,159,91
D-4: 190,124,61
D-5: 158,102,45
C-1: 246,218,162
C-1a: 232,194,132
C-2: 219,173,113
C-3: 200,141,73
C-4: 173,123,67
C-5: 144,99,48
YR-1: 205,192,166
YR-2: 178,161,131
YR-3: 157,135,106
YR-4: 112,92,71
YR-5: 89,71,54
E-0: 236,219,160
E-1: 242,210,121
E-2: 202,166,45
E-3: 166,134,0
E-4: 118,100,40
E-5: 92,83,40
E-6: 76,75,50
GO-1: 159,177,116
GO-2: 107,133,60
GO-3: 77,104,43
GO-4: 49,78,33
GO-5: 33,60,31
GO-6: 30,43,28
BG-1: 216,229,213
BG-2: 158,189,181
BG-3: 108,144,139
BG-4: 70,106,102
BG-5: 33,71,73
O-1: 132,187,192
O-2: 80,155,167
O-3: 72,121,138
O-4: 68,102,113
O-5: 31,58,72
NR-1: 133,163,194
NR-2: 92,131,172
NR-3: 63,103,144
NR-4: 16,66,110
NR-5: 13,50,90
NR-6: 17,37,61
Q-1: 187,173,198
Q-2: 159,140,175
Q-3: 116,97,146
Q-4: 89,72,111
Q-5: 73,57,96
Q-6: 60,50,79
X-1: 105,151,154
X-2: 72,124,137
X-4: 45,76,93
X-6: 30,49,56
X-7: 29,36,41
X-11: 67,59,49
X-12: 221,133,65
X-13: 4,89,112
X-14: 100,34,22
X-16: 253,202,58
X-17: 251,209,91
X-18: 245,219,132
X-19: 239,216,198
X-20: 246,204,187
X-21: 184,198,148
X-22: 210,218,183
X-23: 200,213,214
X-24: 183,217,216
X-25: 130,196,218
X-26: 212,205,183
X-27: 201,22,27
X-28: 174,0,2
X-29: 47,122,58
X-30: 21,86,39
S-1: 74,66,122
