X-1: 117,155,156
X-2: 86,131,139
X-3: 55,104,115
X-4: 51,88,102
X-5: 39,67,81
X-6: 34,53,60
X-7: 33,40,44
X-8: 99,40,86
X-9: 109,50,96
X-10: 255,139,54
X-11: 67,60,51
X-12: 225,138,74
X-13: 4,94,113
X-14: 100,39,35
X-15: 191,227,139
X-16: 254,207,72
X-17: 255,215,101
X-18: 252,224,143
X-19: 243,229,208
X-20: 246,213,195
X-21: 188,203,153
X-22: 215,223,189
X-23: 207,218,220
X-24: 197,225,222
X-25: 145,206,219
X-26: 217,213,189
X-27: 202,29,39
X-28: 176,6,24
X-29: 42,131,59
X-30: 13,95,44
X-31: 231,193,161
X-32: 214,169,107
X-33: 74,43,47
X-34: 220,77,60
X-35: 144,51,55
X-36: 119,54,65
X-37: 84,55,57
X-38: 65,54,53
X-39: 222,199,217
X-40: 234,220,222
X-41: 21,40,54
X-42: 213,188,158
X-43: 58,46,53
X-51: 106,132,87
X-52: 0,64,90
X-53: 0,62,122
X-54: 112,116,138
X-55: 86,89,111
X-56: 60,63,79
X-57: 0,79,63
X-58: 189,164,157
X-59: 146,114,100
X-60: 190,178,166
X-61: 139,116,112
X-62: 180,143,0
X-63: 123,106,59
X-64: 160,121,72
X-65: 249,181,164
X-66: 250,189,159
X-67: 246,179,127
X-68: 180,200,189
X-69: 255,171,67
