WHITE: 250,246,231
1: 193,203,200
2: 172,186,188
3: 148,163,169
4: 126,144,151
5: 108,126,131
6: 92,112,118
7: 77,95,101
8: 51,74,81
9: 31,53,60
BLACK: 17,28,29
A-1: 230,164,205
A-2: 220,136,184
A-4: 208,114,170
A-5: 191,55,119
A-6: 152,35,89
B-1: 253,136,116
B-3: 245,86,54
B-4: 235,57,32
B-5: 222,27,17
B-6: 150,55,40
B-7: 120,47,36
C-3: 247,113,44
C-5: 161,95,56
C-6: 126,79,50
C-7: 98,80,48
C-35: 255,185,124
C-37: 230,180,120
C-43: 227,167,97
C-53: 224,182,121
C-54: 213,157,100
D-2: 255,146,0
D-4: 167,126,30
D-6: 98,87,33
D-8: 63,72,48
E-2: 230,166,0
E-4: 157,134,24
E-6: 118,110,44
E-34: 255,214,64
F-1: 255,223,0
F-31: 254,245,179
F-32: 255,239,95
H-2: 162,214,49
I-4: 81,179,39
I-5: 0,146,33
I-6: 0,101,40
N-2: 112,194,223
N-4: 0,148,208
N-6: 0,111,189
N-8: 0,84,154
O-1: 175,206,237
P-2: 151,159,205
P-4: 110,121,184
P-6: 86,98,167
P-8: 47,70,135
P-40: 138,83,168
P-60: 186,121,200
R-2: 207,143,185
R-4: 169,109,165
R-6: 131,74,123
R-8: 92,54,91
R-21: 96,72,66
R-40: 213,0,37
R-41: 137,91,84
R-50: 255,59,90
R-55: 190,118,107
R-60: 255,36,104
R-71: 226,150,134
R-80: 244,106,152
R-91: 109,93,94
YR-21: 84,79,67
YR-41: 111,100,84
YR-60: 222,122,45
YR-61: 156,142,117
BG-20: 0,93,115
BG-21: 23,77,81
BG-40: 0,111,120
BG-41: 71,111,110
BG-60: 0,154,146
BG-61: 113,150,145
BG-80: 60,198,185
BG-81: 164,200,196
NR-1: 14,55,95
NR-2: 27,74,117
NR-4: 78,112,166
CB-20: 20,69,175
CB-40: 61,117,211
CB-60: 122,158,226
CB-80: 166,194,231
SF-4: 210,41,65
RP-80: 255,143,207
BC-2: 255,196,169
BC-3A: 253,182,162
BC-55: 199,158,132
BW: 228,243,229
