10: 55,61,68
11: 250,206,190
12: 247,216,197
13: 248,213,187
14: 245,220,198
20: 75,83,90
21: 59,23,15
30: 84,94,101
40: 103,112,120
42: 90,52,43
45: 149,63,45
46: 180,74,19
50: 114,125,133
52: 79,53,47
60: 126,137,145
70: 139,150,158
80: 164,173,176
87: 216,190,94
88: 200,177,79
89: 205,155,47
90: 185,194,192
95: 194,203,202
100: 209,213,206
821: 231,37,0
871: 201,0,95
90G: 166,180,190
99G: 146,150,169
100G: 139,157,179
180G: 58,63,82
200G: 116,119,142
300G: 90,92,112
400G: 67,65,90
500G: 51,52,70
26M: 169,84,67
30M: 125,55,49
41M: 50,35,37
41-0M: 34,29,30
43M: 94,62,52
44M: 102,61,45
45M: 138,84,62
46M: 163,95,69
63M: 107,82,63
65M: 120,88,64
67M: 159,112,72
69M: 199,158,105
89M: 192,160,90
90M: 139,116,62
100M: 180,146,75
144M: 0,106,106
165M: 40,128,145
166M: 0,116,139
167M: 34,96,111
56N: 183,118,85
66N: 200,144,112
80N: 206,141,109
32R: 108,80,76
A-10: 232,185,199
A-12: 224,157,181
A-20: 215,134,170
A-30: 192,92,141
A-40: 174,53,120
aA-2: 151,59,53
aA-4: 209,166,80
aA-5: 162,115,64
aA-6: 181,181,69
aA-7: 0,166,186
aA-10: 144,98,67
AA-1: 215,177,197
AA-2: 211,144,174
AA-3: 202,142,178
AA-4: 180,111,154
AA-5: 195,50,120
AA-6: 115,25,73
AA-7: 144,38,95
AF-1: 215,113,88
AG-3: 0,128,82
AG-4: 0,147,91
ANR-2: 25,69,114
AO-1: 98,129,165
AO-2: 70,96,129
AP-2: 226,59,132
AP-3: 234,80,156
AP-4: 234,100,164
AP-5: 251,159,201
AP-10: 101,71,120
AP-40: 106,78,167
AP-60: 156,115,180
AP-80: 208,173,203
APB-80: 194,192,210
AR-10: 185,70,77
AR-20: 146,30,44
AW: 223,231,214
B-1: 243,127,108
B-2: 238,92,67
B-4: 233,70,54
B-5: 223,54,37
B-5A: 75,41,34
B-6: 122,52,44
B-7: 89,40,32
B-9: 108,52,40
B-10: 0,61,118
B-15: 0,72,129
B-20: 0,110,170
B-30: 0,131,183
B-32: 246,176,144
B-33: 251,171,144
B-34: 248,185,161
B-35: 251,155,127
B-36: 0,73,158
B-37: 0,94,174
B-40: 0,152,201
B-60: 26,169,208
B-70M: 113,148,159
B-80: 109,192,213
B-81: 61,40,39
B-90: 160,211,219
B-95: 185,219,219
BB: 0,0,0
BC-0: 245,201,172
BC-01: 226,210,175
BC-1: 244,213,161
BC-2: 250,190,160
BC-3: 250,166,141
BC-9: 250,174,143
BC-10: 215,175,151
BC-20: 246,188,158
BC-45: 199,172,148
BC-46: 0,0,0
BC-47: 186,148,121
BC-55: 171,131,103
BC-57: 169,126,99
BF-40: 157,97,52
BG-5: 22,72,76
BG-6: 8,62,64
BG-14: 123,173,193
BG-15: 0,162,171
BG-15M: 0,70,75
BG-16: 0,137,152
BG-20: 0,100,111
BG-20M: 59,87,92
BG-40: 0,129,118
BG-40M: 85,117,118
BG-45: 0,147,149
BG-50: 0,139,123
BG-50M: 94,131,127
BG-60: 0,159,135
BG-60M: 110,148,143
BG-70: 0,167,152
BG-70M: 124,164,160
BG-80: 67,188,167
BG-80m: 152,190,179
BG-85: 90,192,190
BG-90: 173,221,196
BG-90m: 172,203,189
BG-95: 165,217,205
BLACK: 15,16,17
BL-2: 0,118,188
BL-4: 99,160,191
BO-1: 255,165,0
BO-2: 246,134,11
BO-3: 209,115,42
BO-4: 188,100,52
BO-5: 170,64,36
BO-6: 169,77,35
BS-01: 122,199,205
BS-1: 65,180,198
BS-2: 0,143,170
BS-3: 0,133,158
BS-4: 0,96,126
BU-2: 52,146,205
BU-4: 111,159,193
BW: 205,227,207
C-0: 231,212,175
C-1A: 232,202,158
C-3: 185,128,75
C-4: 167,111,69
C-5: 139,82,58
C-5A: 141,92,50
C-6: 119,75,55
C-15: 58,136,147
C-32: 221,187,137
C-35: 224,159,108
C-37: 204,157,105
C-43: 201,151,90
C-50: 135,82,41
C-53: 210,173,116
C-54: 192,143,96
C-60: 135,75,28
C-70: 118,68,32
CB-1: 167,192,213
CB-2: 144,178,214
CB-3: 94,149,208
CB-4: 45,109,189
CB-5: 0,55,156
CB-6: 0,31,120
CB-10: 35,50,76
CB-20: 0,67,164
CB-30: 20,89,183
CB-40: 63,119,198
CB-50: 88,138,201
CB-60: 118,159,212
CB-80: 153,183,211
CB-90: 179,200,215
CFL-1: 211,154,131
CFL-2: 158,110,95
CR-0: 207,170,140
CR-1: 210,146,114
CR-2: 184,113,79
CR-5: 91,51,36
CR-25: 156,109,84
CR-30: 155,87,44
D-0: 229,203,169
D-04: 169,109,0
D-1: 224,169,127
D-1A: 227,171,88
D-2: 255,130,36
D-3: 189,114,40
D-4: 162,109,64
D-4A: 197,117,63
D-5A: 218,147,50
D-6: 105,79,50
D-8: 70,63,53
D-20: 218,155,102
D-30: 205,143,92
D-40: 187,116,72
D-50: 144,94,61
E-1: 224,194,123
E-2: 207,153,58
E-2A: 196,157,53
E-3: 156,127,44
E-4: 155,119,55
E-4A: 116,98,42
E-5: 89,77,49
E-6: 126,104,61
E-30: 208,160,54
E-34: 255,182,72
E-60: 69,63,35
E-70: 46,47,34
E-80: 39,41,37
EB-1: 122,121,118
EB-2: 91,90,90
EK-17: 249,179,155
EK-33: 237,172,127
EK-44: 195,167,133
EK-45: 217,182,153
ET-1: 151,152,148
F: 236,221,160
F-1: 255,187,29
F-2: 255,207,0
F-30: 240,230,187
F-31: 241,234,177
F-32: 246,231,120
FD-80: 136,97,53
FG-90: 58,106,82
G-2: 160,205,59
G-3: 111,151,45
G-4A: 94,167,115
G-5: 129,161,43
G-6: 78,131,97
G-7: 212,235,181
G-8: 149,179,143
G-9: 114,133,103
G-10: 50,66,49
G-10B: 34,44,41
G-11: 0,51,45
G-20: 0,81,67
G-40: 0,116,76
G-60: 0,157,116
G-80: 93,195,137
G-90: 139,213,162
G-90A: 159,221,176
GA-1: 158,180,23
GB-1: 120,112,116
GG-6: 0,0,0
GH-1: 91,83,90
GH-2: 67,61,68
GM-1: 180,172,168
GM-2: 139,155,116
GM-5: 89,104,59
GO-04: 59,84,51
GO-1: 161,172,121
GO-2: 118,135,79
GO-3: 91,103,61
GO-4: 63,81,53
GO-5: 39,62,44
GRB-1: 166,199,220
GT-1: 149,145,150
GT-2: 16,183,135
GY-3: 110,132,53
GY-4: 116,144,67
GY-11: 95,112,81
GY-12: 76,90,66
GY-30: 77,105,72
GY-40: 106,113,66
GY-60: 72,172,50
GY-80: 128,197,55
GY-90: 183,223,128
H-1: 185,217,95
H-2: 131,193,8
H-3: 95,175,8
HB: 244,210,182
I-5: 0,137,33
I-6: 0,97,18
I-7: 35,81,42
LO-1: 220,140,88
M-2: 112,51,81
M-3: 83,42,63
M-20: 183,105,141
M-126: 155,79,113
M-127: 121,72,85
M-128: 102,58,69
MS-10: 0,65,78
MS-20: 0,39,48
N-1: 146,206,210
N-3: 50,171,209
N-4: 0,151,202
N-6: 0,140,200
N-8: 0,94,159
N-10: 0,71,99
N-12: 0,51,71
NP-2: 168,166,195
NR-0: 37,49,64
NR-01: 30,35,42
NR-1: 48,62,98
NR-2: 67,81,116
NR-3: 79,96,138
NR-4: 86,103,138
NR-5: 120,146,175
NR-6: 137,160,187
NR-11: 52,63,105
NR-12: 44,51,82
NRQ-9: 34,38,64
O-01: 158,207,202
O-1: 137,186,214
O-10: 135,186,187
O-20: 94,159,170
O-30: 91,128,144
O-40: 82,105,119
O-50: 62,76,88
OM-4: 227,105,76
OR-1: 255,164,94
OR-2: 253,138,60
OR-3: 254,123,38
OR-4: 216,96,37
OR-5: 188,60,5
P-0: 199,203,213
P-1: 176,185,210
P-2: 145,166,206
P-4: 111,125,189
P-6: 104,114,180
P-7: 220,202,209
P-8: 71,78,151
P-10: 102,88,132
P-20: 93,17,109
P-30: 111,62,142
P-40: 68,65,160
P-50: 94,97,180
P-60: 126,120,189
P-70: 147,142,196
P-80: 205,179,208
P-90: 217,201,213
PAN-1: 147,185,189
PAN-2: 102,149,157
PB-1: 249,205,212
PB-4: 201,15,57
PB-5: 194,16,53
PB-6: 148,0,26
PB-20: 48,83,167
PB-40: 98,110,175
PB-60: 125,136,193
PB-70: 147,158,201
PB-80: 178,186,213
PB-90: 189,196,213
PE-1: 191,119,126
PE-2: 153,93,98
PF-1: 172,117,56
PFL-1: 199,150,136
PFL-2: 169,115,105
PN-1: 184,129,122
PN-2: 144,102,97
PPS-1: 184,73,97
PPS-2: 133,72,81
PS-1: 198,71,51
PS-2: 147,74,64
Q-0: 203,193,203
Q-2A: 169,161,186
Q-3: 151,138,165
Q-5: 123,107,143
Q-7: 64,53,95
Q-9: 53,43,80
Q-10: 190,173,187
Q-20: 168,145,170
Q-25: 145,122,159
Q-30: 120,98,135
Q-40: 97,75,109
Q-50: 86,62,102
R-1: 176,32,54
R-1A: 237,164,142
R-2: 209,155,183
R-2A: 232,76,61
R-3: 199,23,55
R-4: 180,109,163
R-5: 162,0,18
R-6: 117,48,102
R-7: 224,57,82
R-8: 87,41,79
R-10: 75,40,43
R-10A: 113,52,51
R-11: 39,23,17
R-17: 212,175,133
R-20: 115,0,6
R-20A: 123,0,21
R-20m: 102,65,63
R-25: 144,0,0
R-26: 85,26,18
R-30: 134,37,46
R-30A: 191,8,39
R-40: 220,50,54
R-40m: 140,82,74
R-50: 241,98,108
R-51: 188,30,71
R-55m: 182,100,88
R-60: 220,59,98
R-70: 233,80,74
R-70m: 218,136,116
R-75: 252,129,103
R-75m: 217,143,123
R-76: 202,186,175
R-77: 183,151,145
R-78: 177,158,147
R-79: 147,105,90
R-80: 233,100,122
100: 249,162,138
R-81: 92,48,77
R-82: 139,111,109
R-83: 122,84,75
R-85m: 249,175,153
R-89: 133,99,100
R-90: 250,143,158
R-90m: 250,189,168
R-91: 115,81,79
RB-1: 167,176,130
RB-2: 128,129,102
RP-0: 237,190,184
RP-1: 233,174,175
RP-2: 234,146,149
RP-3: 221,110,118
RP-5: 98,33,44
RP-10: 61,30,42
RP-20: 99,28,62
RP-20m: 81,40,47
RP-30m: 111,57,62
RP-40: 180,69,133
RP-40m: 154,74,83
RP-60: 226,100,166
RP-60m: 216,107,115
RP-70: 0,0,0
RP-80: 255,165,207
RP-85: 253,194,214
RP-90: 254,189,214
RP-95: 254,204,215
RP-99: 245,220,216
RP-100: 240,228,218
RR-0: 248,176,179
RR-1: 251,150,170
RR-2: 238,109,137
RR-3: 232,83,120
RR-4: 203,32,84
RR-5: 179,0,60
S-0: 248,198,163
S-01: 250,192,169
S-1: 254,175,151
S-2: 255,176,140
S-3: 254,167,128
S-6: 254,203,116
S-7: 246,165,131
S-8: 255,203,71
S-20: 252,177,137
S-40: 220,131,82
S-45: 191,123,80
SB-0: 179,151,144
SB-01: 204,182,169
SB-20: 152,119,116
SB-40: 136,99,99
SB-60: 104,72,77
SB-80: 78,56,58
SF: 239,231,204
SF-4: 224,53,61
SM-1: 255,191,144
SY-3: 241,121,120
SY-4: 238,91,95
T-4: 94,126,131
T-16: 0,159,160
TB-1: 215,112,63
TB-2: 149,81,56
TD-1: 156,155,136
TM-1: 215,199,162
TPB-1: 215,157,72
TT-1: 187,173,143
TT-2: 152,145,121
V-1: 206,180,209
V-1A: 192,158,199
V-2: 159,114,181
V-3: 129,90,165
V-4: 124,72,134
V-5: 77,46,99
V-6: 56,39,88
WHITE: 237,235,219
X-1: 112,153,162
X-2: 87,128,140
X-2m: 66,126,139
X-3: 82,111,122
X-4: 70,89,104
X-4m: 40,83,95
X-5: 52,72,87
X-6: 44,59,70
X-7: 34,43,55
X-8: 105,33,82
X-13: 0,90,112
X-14: 93,37,33
X-16: 255,197,28
X-18: 250,219,130
X-19: 243,202,174
X-20: 249,202,179
X-21: 184,195,139
X-27: 213,47,58
X-28: 184,0,29
X-29: 66,121,72
X-30: 80,147,87
X-31: 216,172,141
X-33: 68,32,46
X-37: 85,48,48
X-38: 64,48,48
XR-5: 152,79,137
XR-35: 82,64,64
Y-3: 228,144,80
Y-3A: 249,203,0
Y-4: 254,189,0
Y-5A: 222,173,65
Y-6: 0,0,0
Y-7: 137,96,47
Y-8: 148,85,50
Y-9: 59,55,43
Y-10: 67,59,51
Y-20: 83,68,53
Y-28: 70,67,63
Y-40: 121,93,64
Y-47: 82,81,70
Y-50: 241,154,0
Y-60: 183,143,40
Y-70: 221,178,0
Y-80: 200,165,67
Y-85: 255,182,0
Y-90: 252,205,0
Y-91: 194,166,96
Y-92: 205,177,100
Y-95: 240,224,0
Y-136: 117,102,53
YNR-20: 64,61,62
YR-0: 223,205,183
YR-1: 199,176,151
YR-2: 179,153,128
YR-3A: 155,137,115
YR-5: 83,61,49
YR-5m: 57,49,47
YR-10m: 73,60,53
YR-15: 116,77,57
YR-15m: 64,50,41
YR-20: 97,65,51
YR-20m: 95,71,61
YR-25m: 85,64,52
YR-28: 77,67,64
YR-30: 173,79,53
YR-40: 171,94,55
YR-40m: 119,87,71
YR-47: 91,83,78
YR-50: 169,107,70
YR-50m: 133,103,83
YR-60: 202,103,55
YR-60m: 156,123,100
YR-64: 238,88,27
YR-65: 245,103,0
YR-70m: 182,135,94
YR-75: 241,139,53
YR-75m: 195,135,74
YR-80: 255,163,80
YR-80m: 211,168,117
YR-85: 146,132,120
YR-90: 226,185,129
YR-90m: 221,185,146
YR-92m: 224,189,147
YR-95: 255,183,107
YR-95m: 218,194,158
YR-100: 50,44,41
YR-900: 62,57,55
YR-A: 133,117,103
YR-B: 121,105,96
YR-C: 95,83,77
YR-D: 77,72,70
YR-E: 127,128,115
YR-F: 105,102,94
YR-M: 57,52,47
YY-10: 55,56,56
